194 113785
338 136865
1130 174866
1997 111465
2657 151323
2764 110648
2922 153535
3334 112647
4040 30111
4640 74002
4643 5135
5404 27564
5645 7614
7134 93047
7527 219586
8378 15286
8672 199015
8711 57594
9208 196231
9332 131852
9474 12519
9854 241968
11953 153182
12448 104140
12466 147614
13844 234116
14522 167885
14615 247345
16888 243878
17857 154934
18265 131897
18307 65749
18470 169085
18500 59452
18953 10563
19810 152177
20250 61535
21004 231347
21018 229752
21185 121133
21918 166262
21930 1256
23179 111609
25241 20365
25292 31120
25437 208001
26243 226416
26334 114383
27442 81202
27721 229174
27745 240159
28781 6108
29133 38421
29447 131506
29770 189988
29874 172356
30589 71636
30714 127051
31814 209542
31968 193385
32402 129091
32951 216287
33365 243749
33667 232895
33677 230129
33751 210232
34000 226086
34252 236392
34321 193607
35346 214683
35603 137206
35901 39373
37463 81214
37660 77587
39019 844
39063 49892
39517 181831
39918 120975
41554 219633
41635 34798
41758 90326
41911 60980
42155 195954
42948 221132
43420 154200
43511 35691
43872 133985
43999 170779
44428 19594
44875 124184
44999 206960
45046 71513
45155 69416
45188 220437
45502 35288
45648 46568
45653 137394
46122 55542
46143 9715
46563 247440
46871 60361
47074 193685
47119 164956
47507 230573
48013 219651
48034 151979
48146 216705
48527 70313
49280 80600
50666 233656
50856 198354
50979 99568
51144 227898
51443 190235
51814 90539
51925 158730
51934 118592
51967 203316
52448 157139
52503 193785
52962 34538
53392 175051
53415 95035
53817 69181
54424 71716
55426 116122
55617 63377
55743 115937
56576 249672
56804 207779
58227 90062
59256 171275
59411 143648
59447 180118
60281 145559
60348 81636
60579 98785
60617 107019
60701 161214
60712 36998
61162 89474
61317 221806
61696 148569
63046 137491
63339 65666
65124 34929
65586 222527
65837 191111
67522 142991
67527 30726
68661 20351
70008 85475
70511 248669
70621 146263
70955 159979
71036 229717
72218 172186
74000 99341
75113 104431
75193 46461
76220 156692
76253 107304
76816 237818
77437 222941
77524 76048
78766 16061
78810 248667
80381 217176
80429 162882
81404 249011
82154 154480
82295 57305
82625 49708
83185 221926
83355 233268
83651 201999
83997 57165
84042 206622
84944 201095
85709 211153
85742 186666
86276 133796
86441 208735
87696 174061
88015 171752
88278 215578
88302 232647
88456 56707
88541 190032
88816 21748
89153 202683
89755 134043
89758 212186
90406 211917
90580 172112
92731 42979
92748 246769
92775 228293
93136 182016
93723 33853
94066 246772
94329 65579
94818 48746
95561 29904
95726 18519
96790 146074
96881 131586
97778 189178
97810 66323
98036 215567
98373 64214
98525 201241
98737 213356
98821 104621
99416 43663
99507 4734
99892 86428
100418 139149
100546 77693
101171 108544
101227 165625
101741 225835
102036 37301
103659 137461
103763 245614
103947 5342
104450 206896
104739 152232
104831 948
105545 11180
105900 99812
105923 216303
106254 52637
106503 14305
107033 32602
107446 38144
107484 50429
108511 68560
109254 78569
109502 60188
109618 147294
109844 21275
109864 134289
110530 189327
110982 231523
112065 210139
112963 231100
113945 34626
113956 1132
114254 21224
114493 16293
114770 110391
114851 197002
115102 15075
115752 111625
116352 192152
116422 244604
116980 19404
117060 227521
117408 66134
118953 194694
120035 27959
120441 74246
120552 137147
120801 86260
121294 13452
121415 150120
122689 146898
122955 82936
124115 102539
124627 193502
124873 174328
125068 139786
125349 240367
125612 150155
126969 57017
127045 54630
128260 52289
128472 88733
129531 18912
129547 200426
129943 49568
130169 168532
130329 111083
130844 209181
131099 66311
131395 75422
131725 60280
131909 173093
133602 61651
134409 169505
135220 176226
135962 235993
136640 191546
136839 4419
137989 79662
138599 177570
139018 77419
139160 68256
139206 164096
139242 63825
139372 62802
139394 53083
139725 72182
140081 24291
140138 241852
140234 21355
141116 40223
141198 23550
142953 22677
145695 114038
146367 229659
146538 45518
146594 237058
146722 240859
147168 19000
148003 87605
148258 247360
148683 24630
149321 178422
150185 87
150709 77377
152815 83646
153699 151711
154178 241170
156069 22313
156085 242443
157199 204194
157776 135278
157790 194957
158407 226153
158571 217161
158589 181840
158985 179189
159392 246736
159453 20531
159453 199374
160170 41790
160192 42233
160271 52868
160490 23853
160750 154247
160865 93077
161845 1485
162178 174792
162477 201290
162720 67087
162770 26861
163805 63728
163856 114330
164206 248594
164589 7759
165595 217718
165678 22549
166070 3147
166335 48330
167789 68415
167815 28028
168983 68897
169818 68106
171074 213700
172272 109238
172547 216614
173163 46924
173804 172406
173812 76769
174328 175064
174366 116576
176124 66824
176239 195964
176785 4860
177797 177825
177818 18976
178878 55729
179271 214871
179387 183628
179518 229269
179962 67247
180324 188933
181370 221254
182189 124818
182330 203169
182589 5200
182607 79969
183435 100310
183977 92715
183983 101979
184809 110361
184985 108887
186362 154143
186527 176762
186545 65462
187387 115357
187444 46880
187555 224063
187593 236255
188734 81436
190567 96931
190635 41499
190738 32411
192317 150177
192342 1032
193704 109271
193711 104738
194777 197302
194884 177700
195879 39436
196234 223203
197068 109743
197376 71860
197813 84121
198054 76586
199197 22696
199370 246785
200199 226255
200224 33122
200276 212146
200330 112886
200551 158843
201572 75367
201750 131494
202066 116385
202878 181067
202911 116372
203023 23016
203094 59724
203199 54634
203611 100512
204419 19414
204827 37901
205070 187942
205196 208366
205749 211233
205889 192315
207575 115792
207863 157930
207953 25419
207993 21587
208042 103458
208147 243657
209909 132251
211118 49408
211386 80609
211560 184535
212253 145752
212958 104702
213303 97249
214241 42318
217329 9061
217672 246040
218248 12498
218843 225746
219827 43639
220699 48426
221340 233246
221784 225920
222813 148613
222880 182095
222971 142402
223761 171529
224694 104485
224884 215573
225576 225903
226473 188314
227089 185141
228465 227208
229165 233391
229489 233386
230362 75204
230728 66741
230799 147053
230937 74879
233115 240123
234076 164063
234884 67327
235251 65121
235921 206363
235989 241992
236079 249919
236453 206652
237562 209884
237936 67164
239252 245615
240337 178814
240406 228240
241372 187470
241749 14632
242256 54415
242537 13099
242557 73342
243740 3286
244493 168708
244615 140066
245545 111521
245989 163556
246107 75700
246899 236479
247281 10024
247370 2959
248213 187873
